[default]
background=rgba(30, 30, 46, 0.8)
bar-bg-color=rgba(88, 91, 112, 0.9)
bar-fg-color=rgba(137, 180, 250, 0.9)
block-count=20
block-height=16
block-spacing=4
border-color=rgba(137, 180, 250, 1)
border-width=1
fade-in=0.500000
fade-out=0.750000
height=240
image-opacity=0.900000
padding=32
time=2
width=480
y-offset=0.750000
